Mutual Inductance Matrix
File: coil_info.txt

Format:
 [L11, M12, M13, ...]
 [M21, L22, M23, ...]
 [M31, M32, L33, ...]
 ...

Inductance Matrix (uH):
  4.302,   0.036,   0.010,   0.012,   0.010,   0.012,   0.015,   0.012,   0.010,   0.012,   0.010
  0.036,   1.568,  -0.005,   0.009,  -0.006,   0.010,   0.147,   0.008,  -0.005,   0.008,  -0.006
  0.010,  -0.005,   0.371,  -0.022,  -0.002,  -0.022,  -0.006,  -0.001,  -0.002,  -0.001,  -0.001
  0.012,   0.009,  -0.022,   0.371,  -0.022,  -0.006,  -0.022,  -0.006,  -0.001,  -0.002,  -0.001
  0.010,  -0.006,  -0.002,  -0.022,   0.371,  -0.001,  -0.006,  -0.022,  -0.001,  -0.001,  -0.002
  0.012,   0.010,  -0.022,  -0.006,  -0.001,   0.371,  -0.022,  -0.002,  -0.022,  -0.006,  -0.001
  0.015,   0.147,  -0.006,  -0.022,  -0.006,  -0.022,   0.371,  -0.022,  -0.006,  -0.022,  -0.006
  0.012,   0.008,  -0.001,  -0.006,  -0.022,  -0.002,  -0.022,   0.371,  -0.001,  -0.006,  -0.022
  0.010,  -0.005,  -0.002,  -0.001,  -0.001,  -0.022,  -0.006,  -0.001,   0.371,  -0.022,  -0.002
  0.012,   0.008,  -0.001,  -0.002,  -0.001,  -0.006,  -0.022,  -0.006,  -0.022,   0.371,  -0.022
  0.010,  -0.006,  -0.001,  -0.001,  -0.002,  -0.001,  -0.006,  -0.022,  -0.002,  -0.022,   0.371


Resistances (mOhms):
1113.653
559.076
225.937
225.937
225.937
225.937
225.937
225.937
225.937
225.937
225.937


Q Factors:
   169.920
   123.343
    72.268
    72.268
    72.268
    72.268
    72.268
    72.268
    72.268
    72.268
    72.268


Time taken: 23.71 seconds